,,0.00,0.00,0,0.00,False,99,0,99,0,99,0
-----------Game Ended------------------
,,0.00,0.00,0,0.00,False,99,0,99,0,99,0
-----------Game Ended------------------
-----------NewGameStarted------------------
startDate, startTime, time, roundTime, round, efficiency, IKAvatar, podest0, podest0Fails, podest1, podest1Fails, podest2, podest2Fails
10.26.2020,07:38:01,0.00,0.00,1,1.00,False,1,0,0,0,2,0
10.26.2020,07:38:01,25.02,25.02,2,0.96,False,1,0,2,0,0,0
10.26.2020,07:38:01,42.50,17.48,3,0.97,False,0,0,1,0,2,0
10.26.2020,07:38:01,71.08,28.59,4,0.95,False,1,0,0,0,2,0
10.26.2020,07:38:01,137.50,66.42,5,0.89,False,0,0,1,0,2,0
10.26.2020,07:38:01,173.62,36.12,6,0.94,False,1,0,2,0,0,0
10.26.2020,07:38:01,221.13,47.51,7,0.92,False,1,0,0,0,2,0
10.26.2020,07:38:01,314.31,93.17,8,0.84,False,1,0,2,0,0,0
10.26.2020,07:38:01,378.05,63.74,9,0.89,False,0,0,1,0,2,0
10.26.2020,07:38:01,424.92,46.88,10,0.92,False,1,0,0,0,2,0
10.26.2020,07:38:01,485.51,60.59,11,0.90,False,1,0,2,0,0,0
10.26.2020,07:38:01,530.93,45.41,12,0.92,False,0,0,1,0,2,0
10.26.2020,07:38:01,570.96,40.03,13,0.93,False,1,0,2,0,0,0
10.26.2020,07:38:01,600.01,29.02,13,0.95,False,1,0,2,0,0,0
-----------Game Ended------------------
,,0.00,0.00,0,0.00,False,99,0,99,0,99,0
-----------Game Ended------------------
,,0.00,0.00,0,0.00,False,99,0,99,0,99,0
-----------Game Ended------------------
,,0.00,0.00,0,0.00,False,99,0,99,0,99,0
-----------Game Ended------------------
,,0.00,0.00,0,0.00,False,99,0,99,0,99,0
-----------Game Ended------------------
